1914	0
1931	0
1932	0
1933	0
1934	0
1939	0
1941	0
1942	0
1945	0
1946	0
1947	0
1948	0
1949	0
1950	0
1951	0
1952	0
1953	0
1954	0
1955	0
1956	0
1957	0
1958	0
1959	0
1960	0
1961	0
1962	0
1963	0
1964	0
1965	0
1966	0
1967	0
1968	0
1969	0
1970	0
1971	0
1972	0
1973	0
1974	0
1975	0
1976	0
1977	0
1978	0
1979	0
1980	0
1981	0
1982	0
1983	0
1984	0
1985	0
1986	0
1987	0
1988	0
1989	0
1990	0
1991	0
1992	0
1993	169619
1994	369562
1995	411124
1996	423194
1997	417502
1998	433066
1999	433890
2000	451815
2001	516017
2002	535226
2003	554036
2004	583330
2005	567739
2006	576901
2007	580547
2008	576600
2009	578997
2010	588542
2011	559891
2012	535417
2013	548242
2014	532354
2015	534210
2016	522895
2017	841
