Fall 1931	6	0
Fall 1932	3	0
Fall 1933	6	0
Fall 1939	1	0
Fall 1941	1	0
Fall 1945	15	0
Fall 1946	15	0
Fall 1947	27	0
Fall 1948	23	0
Fall 1949	15	0
Fall 1950	24	0
Fall 1951	48	0
Fall 1952	45	0
Fall 1953	58	0
Fall 1954	46	0
Fall 1955	79	0
Fall 1956	75	0
Fall 1957	97	0
Fall 1958	85	0
Fall 1959	165	0
Fall 1960	239	0
Fall 1961	303	0
Fall 1962	375	0
Fall 1963	648	0
Fall 1964	812	0
Fall 1965	1043	0
Fall 1966	1127	0
Fall 1967	1224	0
Fall 1968	1518	0
Fall 1969	1584	0
Fall 1970	1957	0
Fall 1971	2112	0
Fall 1972	2484	0
Fall 1973	2735	0
Fall 1974	3003	0
Fall 1975	3387	0
Fall 1976	3335	0
Fall 1977	3777	0
Fall 1978	4297	0
Fall 1979	5068	0
Fall 1980	5965	0
Fall 1981	6664	0
Fall 1982	7296	0
Fall 1983	8634	0
Fall 1984	11459	0
Fall 1985	13679	0
Fall 1986	17384	0
Fall 1987	21430	0
Fall 1988	28978	0
Fall 1989	38402	0
Fall 1990	53947	0
Fall 1991	70861	0
Fall 1992	95109	0
Fall 1993	119990	169749
Fall 1994	117846	204700
Fall 1995	117992	212030
Fall 1996	115682	219519
Fall 1997	114953	212934
Fall 1998	118171	226639
Fall 1999	125182	226196
Fall 2000	129945	237963
Fall 2001	133936	285863
Fall 2002	135872	275709
Fall 2003	143111	292085
Fall 2004	145176	300810
Fall 2005	143172	296220
Fall 2006	144341	294515
Fall 2007	144683	294687
Fall 2008	144296	292109
Fall 2009	147857	294320
Fall 2010	147206	296242
Fall 2011	153304	272735
Fall 2012	157120	270171
Fall 2013	161932	270092
Fall 2014	161195	270391
Fall 2015	162267	268840
Fall 2016	0	243911
Spring 1914	0	0
Spring 1932	6	0
Spring 1933	6	0
Spring 1934	6	0
Spring 1942	1	0
Spring 1946	6	0
Spring 1947	19	0
Spring 1948	20	0
Spring 1949	22	0
Spring 1950	15	0
Spring 1951	23	0
Spring 1952	52	0
Spring 1953	43	0
Spring 1954	56	0
Spring 1955	54	0
Spring 1956	77	0
Spring 1957	61	0
Spring 1958	101	0
Spring 1959	92	0
Spring 1960	169	0
Spring 1961	258	0
Spring 1962	334	0
Spring 1963	373	0
Spring 1964	657	0
Spring 1965	834	0
Spring 1966	998	0
Spring 1967	1072	0
Spring 1968	1180	0
Spring 1969	1557	0
Spring 1970	1604	0
Spring 1971	1731	0
Spring 1972	2227	0
Spring 1973	2325	0
Spring 1974	2640	0
Spring 1975	2918	0
Spring 1976	3110	0
Spring 1977	3176	0
Spring 1978	3629	0
Spring 1979	4051	0
Spring 1980	4761	0
Spring 1981	5568	0
Spring 1982	6445	0
Spring 1983	7280	0
Spring 1984	9074	0
Spring 1985	10785	0
Spring 1986	13098	0
Spring 1987	16598	0
Spring 1988	21473	0
Spring 1989	28622	0
Spring 1990	38667	0
Spring 1991	54204	0
Spring 1992	72627	0
Spring 1993	98247	0
Spring 1994	103514	141721
Spring 1995	103858	172039
Spring 1996	102824	180397
Spring 1997	101657	182221
Spring 1998	99946	184826
Spring 1999	102231	186667
Spring 2000	111087	193603
Spring 2001	114767	203995
Spring 2002	119457	232853
Spring 2003	122384	232141
Spring 2004	126794	249782
Spring 2005	128495	242724
Spring 2006	128451	252798
Spring 2007	130563	254358
Spring 2008	131418	258152
Spring 2009	133690	255435
Spring 2010	134528	255022
Spring 2011	135692	253989
Spring 2012	136312	236672
Spring 2013	142368	247601
Spring 2014	146913	232520
Spring 2015	145584	238733
Spring 2016	145702	234010
Summer 1946	8	0
Summer 1947	12	0
Summer 1948	11	0
Summer 1949	11	0
Summer 1950	12	0
Summer 1951	8	0
Summer 1952	7	0
Summer 1953	8	0
Summer 1954	10	0
Summer 1955	8	0
Summer 1956	23	0
Summer 1957	15	0
Summer 1958	12	0
Summer 1959	12	0
Summer 1960	28	0
Summer 1961	58	0
Summer 1962	81	0
Summer 1963	116	0
Summer 1964	260	0
Summer 1965	325	0
Summer 1966	366	0
Summer 1967	443	0
Summer 1968	472	0
Summer 1969	644	0
Summer 1970	770	0
Summer 1971	673	0
Summer 1972	650	0
Summer 1973	737	0
Summer 1974	701	0
Summer 1975	809	0
Summer 1976	809	0
Summer 1977	672	0
Summer 1978	767	0
Summer 1979	822	0
Summer 1980	902	0
Summer 1981	1058	0
Summer 1982	1160	0
Summer 1983	1398	0
Summer 1984	1487	0
Summer 1985	1573	0
Summer 1986	2011	0
Summer 1987	2411	0
Summer 1988	3218	0
Summer 1989	3807	0
Summer 1990	5113	0
Summer 1991	6417	0
Summer 1992	8068	0
Summer 1993	10259	0
Summer 1994	11119	23479
Summer 1995	10370	27309
Summer 1996	9130	23515
Summer 1997	9394	22582
Summer 1998	9388	21890
Summer 1999	9774	21315
Summer 2000	11167	20543
Summer 2001	11498	26576
Summer 2002	12110	27077
Summer 2003	12511	30141
Summer 2004	11966	33039
Summer 2005	12154	29524
Summer 2006	12079	30233
Summer 2007	11271	32417
Summer 2008	11590	27344
Summer 2009	11401	30398
Summer 2010	13972	38435
Summer 2011	16159	34234
Summer 2012	20943	29505
Summer 2013	21040	30834
Summer 2014	19391	26696
Summer 2015	19446	24762
Summer 2016	2935	22976
Winter 2014	1435	3026
Winter 2015	2251	2090
Winter 2016	2729	2093
Winter 2017	0	841
